1000
0.215686 0.172549 0.188235 0.172549 0.188235 0.172549 0.188235 0.172549 0.188235 0.172549 0.188235 0.172549 0.188235 0.172549 0.188235 0.172549 0.188235 0.172549 0.188235 0.172549 0.188235 0.172549 0.188235 0.172549 0.188235 0.172549 0.188235 0.172549
0.188235 0.172549 0.188235 0.172549 0.188235 0.172549 0.188235 0.172549 0.188235 0.172549 0.188235 0.172549 0.188235 0.172549 0.188235 0.172549 0.188235 0.172549 0.188235 0.172549 0.188235 0.172549 0.188235 0.172549 0.188235 0.172549 0.188235 0.172549
0.188235 0.172549 0.188235 0.172549 0.188235 0.172549 0.188235 0.172549 0.188235 0.172549 0.188235 0.172549 0.188235 0.172549 0.188235 0.172549 0.188235 0.172549 0.188235 0.172549 0.188235 0.172549 0.188235 0.172549 0.188235 0.172549 0.188235 0.172549
0.188235 0.172549 0.188235 0.172549 0.188235 0.172549 0.188235 0.172549 0.188235 0.172549 0.188235 0.172549 0.188235 0.172549 0.188235 0.172549 0.188235 0.172549 0.188235 0.172549 0.188235 0.172549 0.188235 0.172549 0.188235 0.172549 0.188235 0.172549
0.188235 0.172549 0.188235 0.172549 0.188235 0.172549 0.188235 0.172549 0.188235 0.172549 0.188235 0.172549 0.188235 0.172549 0.188235 0.172549 0.188235 0.172549 0.188235 0.172549 0.188235 0.172549 0.188235 0.172549 0.188235 0.172549 0.188235 0.172549
0.188235 0.172549 0.188235 0.172549 0.188235 0.172549 0.188235 0.172549 0.188235 0.172549 0.188235 0.172549 0.188235 0.172549 0.188235 0.172549 0.188235 0.172549 0.188235 0.172549 0.188235 0.172549 0.188235 0.172549 0.188235 0.172549 0.188235 0.172549
0.188235 0.172549 0.188235 0.172549 0.188235 0.172549 0.188235 0.172549 0.188235 0.172549 0.188235 0.172549 0.188235 0.172549 0.188235 0.172549 0.188235 0.172549 0.188235 0.172549 0.188235 0.172549 0.188235 0.172549 0.188235 0.172549 0.188235 0.172549
0.188235 0.172549 0.188235 0.172549 0.188235 0.172549 0.188235 0.172549 0.188235 0.172549 0.188235 0.172549 0.188235 0.172549 0.188235 0.172549 0.188235 0.172549 0.188235 0.172549 0.188235 0.172549 0.188235 0.172549 0.188235 0.172549 0.188235 0.172549
0.188235 0.172549 0.188235 0.172549 0.188235 0.172549 0.188235 0.172549 0.188235 0.172549 0.188235 0.172549 0.188235 0.172549 0.188235 0.172549 0.188235 0.172549 0.188235 0.172549 0.188235 0.172549 0.188235 0.172549 0.188235 0.172549 0.188235 0.172549
0.188235 0.172549 0.188235 0.172549 0.188235 0.172549 0.188235 0.172549 0.188235 0.172549 0.188235 0.172549 0.188235 0.172549 0.188235 0.172549 0.188235 0.172549 0.188235 0.172549 0.188235 0.172549 0.188235 0.172549 0.188235 0.172549 0.188235 0.172549
0.188235 0.172549 0.188235 0.172549 0.188235 0.172549 0.188235 0.172549 0.188235 0.172549 0.188235 0.172549 0.188235 0.172549 0.188235 0.172549 0.188235 0.172549 0.188235 0.172549 0.188235 0.172549 0.188235 0.172549 0.188235 0.172549 0.188235 0.172549
0.188235 0.172549 0.188235 0.172549 0.188235 0.172549 0.188235 0.172549 0.188235 0.172549 0.188235 0.172549 0.188235 0.172549 0.188235 0.172549 0.188235 0.172549 0.188235 0.172549 0.188235 0.172549 0.188235 0.172549 0.188235 0.172549 0.188235 0.172549
0.188235 0.172549 0.188235 0.172549 0.188235 0.172549 0.188235 0.172549 0.188235 0.172549 0.188235 0.172549 0.188235 0.172549 0.188235 0.172549 0.188235 0.172549 0.188235 0.172549 0.188235 0.172549 0.188235 0.172549 0.188235 0.172549 0.188235 0.172549
0.188235 0.172549 0.188235 0.172549 0.188235 0.172549 0.188235 0.172549 0.188235 0.172549 0.188235 0.172549 0.188235 0.172549 0.188235 0.172549 0.188235 0.172549 0.188235 0.172549 0.188235 0.172549 0.188235 0.172549 0.188235 0.172549 0.188235 0.172549
0.188235 0.172549 0.188235 0.172549 0.188235 0.172549 0.188235 0.172549 0.188235 0.172549 0.188235 0.172549 0.188235 0.172549 0.219608 0.203922 0.172549 0.192157 0.219608 0.207843 0.172549 0.192157 0.207843 0.223529 0.172549 0.192157 0.207843 0.192157
0.172549 0.211765 0.188235 0.172549 0.200000 0.211765 0.172549 0.188235 0.172549 0.188235 0.172549 0.188235 0.172549 0.188235 0.172549 0.188235 0.172549 0.188235 0.172549 0.188235 0.172549 0.188235 0.172549 0.188235 0.172549 0.188235 0.172549 0.188235
0.172549 0.188235 0.172549 0.188235 0.172549 0.188235 0.172549 0.188235 0.172549 0.188235 0.172549 0.188235 0.172549 0.188235 0.172549 0.188235 0.172549 0.188235 0.172549 0.188235 0.172549 0.188235 0.172549 0.196078 0.196078 0.196078 0.172549 0.196078
0.207843 0.203922 0.172549 0.196078 0.207843 0.203922 0.172549 0.196078 0.207843 0.203922 0.172549 0.196078 0.207843 0.203922 0.172549 0.196078 0.203922 0.192157 0.172549 0.192157 0.223529 0.219608 0.172549 0.192157 0.223529 0.219608 0.172549 0.192157
0.223529 0.219608 0.172549 0.192157 0.223529 0.219608 0.172549 0.192157 0.223529 0.219608 0.172549 0.192157 0.223529 0.219608 0.172549 0.192157 0.223529 0.219608 0.172549 0.192157 0.223529 0.219608 0.172549 0.192157 0.215686 0.188235 0.172549 0.207843
0.196078 0.172549 0.188235 0.172549 0.188235 0.172549 0.188235 0.172549 0.188235 0.172549 0.188235 0.172549 0.188235 0.172549 0.188235 0.172549 0.188235 0.172549 0.188235 0.172549 0.188235 0.172549 0.188235 0.172549 0.188235 0.172549 0.211765 0.215686
0.172549 0.192157 0.192157 0.203922 0.172549 0.215686 0.196078 0.172549 0.192157 0.192157 0.203922 0.172549 0.192157 0.211765 0.200000 0.172549 0.196078 0.196078 0.215686 0.172549 0.196078 0.207843 0.203922 0.172549 0.196078 0.196078 0.207843 0.172549
0.196078 0.207843 0.203922 0.172549 0.196078 0.207843 0.203922 0.172549 0.196078 0.207843 0.203922 0.172549 0.196078 0.207843 0.188235 0.172549 0.196078 0.196078 0.223529 0.172549 0.196078 0.207843 0.203922 0.172549 0.196078 0.207843 0.203922 0.172549
0.192157 0.203922 0.188235 0.172549 0.188235 0.172549 0.188235 0.172549 0.188235 0.172549 0.188235 0.172549 0.188235 0.172549 0.188235 0.172549 0.188235 0.172549 0.188235 0.172549 0.188235 0.172549 0.188235 0.172549 0.188235 0.172549 0.188235 0.172549
0.188235 0.172549 0.188235 0.172549 0.188235 0.172549 0.188235 0.172549 0.188235 0.172549 0.192157 0.215686 0.172549 0.211765 0.211765 0.172549 0.192157 0.203922 0.172549 0.211765 0.215686 0.172549 0.211765 0.215686 0.172549 0.211765 0.215686 0.172549
0.207843 0.223529 0.172549 0.196078 0.192157 0.172549 0.196078 0.200000 0.211765 0.172549 0.196078 0.207843 0.203922 0.172549 0.192157 0.188235 0.211765 0.172549 0.188235 0.172549 0.188235 0.172549 0.188235 0.172549 0.188235 0.172549 0.188235 0.172549
0.188235 0.172549 0.188235 0.172549 0.188235 0.172549 0.188235 0.172549 0.188235 0.172549 0.188235 0.172549 0.188235 0.172549 0.188235 0.172549 0.188235 0.172549 0.188235 0.172549 0.188235 0.172549 0.188235 0.172549 0.188235 0.172549 0.188235 0.172549
0.188235 0.172549 0.188235 0.172549 0.188235 0.172549 0.188235 0.172549 0.188235 0.172549 0.219608 0.200000 0.172549 0.196078 0.207843 0.200000 0.172549 0.196078 0.188235 0.223529 0.172549 0.192157 0.219608 0.172549 0.188235 0.172549 0.188235 0.172549
0.188235 0.172549 0.188235 0.172549 0.188235 0.172549 0.188235 0.172549 0.188235 0.172549 0.188235 0.172549 0.188235 0.172549 0.188235 0.172549 0.188235 0.172549 0.188235 0.172549 0.188235 0.172549 0.188235 0.172549 0.188235 0.172549 0.188235 0.172549
0.188235 0.172549 0.188235 0.172549 0.188235 0.172549 0.188235 0.172549 0.188235 0.172549 0.188235 0.172549 0.188235 0.172549 0.196078 0.196078 0.172549 0.196078 0.200000 0.200000 0.172549 0.196078 0.207843 0.207843 0.172549 0.219608 0.200000 0.172549
0.188235 0.172549 0.188235 0.172549 0.188235 0.172549 0.188235 0.172549 0.188235 0.172549 0.188235 0.172549 0.188235 0.172549 0.188235 0.172549 0.188235 0.172549 0.188235 0.172549 0.188235 0.172549 0.188235 0.172549 0.188235 0.172549 0.188235 0.172549
0.188235 0.172549 0.188235 0.172549 0.188235 0.172549 0.188235 0.172549 0.188235 0.172549 0.188235 0.172549 0.188235 0.172549 0.188235 0.172549 0.188235 0.172549 0.188235 0.172549 0.192157 0.196078 0.223529 0.172549 0.196078 0.207843 0.203922 0.172549
0.196078 0.200000 0.219608 0.172549 0.203922 0.203922 0.172549 0.188235 0.172549 0.188235 0.172549 0.188235 0.172549 0.188235 0.172549 0.188235 0.172549 0.188235 0.172549 0.188235 0.172549 0.188235 0.172549 0.188235 0.172549 0.188235 0.172549 0.188235
0.172549 0.188235 0.172549 0.188235 0.172549 0.188235 0.172549 0.188235 0.172549 0.188235 0.172549 0.188235 0.172549 0.188235 0.172549 0.188235 0.172549 0.188235 0.172549 0.188235 0.172549 0.188235 0.172549 0.188235 0.172549 0.207843 0.223529 0.172549
0.196078 0.203922 0.223529 0.172549 0.196078 0.207843 0.203922 0.172549 0.211765 0.196078 0.172549 0.188235 0.172549 0.188235 0.172549 0.188235 0.172549 0.188235 0.172549 0.188235 0.172549 0.188235 0.172549 0.188235 0.172549 0.188235 0.172549 0.188235
0.172549 0.188235 0.172549 0.188235 0.172549 0.188235 0.172549 0.188235 0.172549 0.188235 0.172549 0.188235 0.172549 0.188235 0.172549 0.188235 0.172549 0.188235 0.172549 0.188235 0.172549 0.188235 0.172549 0.188235 0.172549 0.188235 0.172549 0.188235
0.172549 0.188235 0.172549 0.192157 0.200000 0.200000 0.172549 0.196078 0.207843 0.203922 0.172549 0.192157 0.219608 0.215686 0.172549 0.207843 0.172549 0.188235 0.172549 0.188235 0.172549 0.188235 0.172549 0.188235 0.172549 0.188235 0.172549 0.188235
0.172549 0.188235 0.172549 0.188235 0.172549 0.188235 0.172549 0.188235 0.172549 0.188235 0.172549 0.188235 0.172549 0.188235 0.172549 0.188235 0.172549 0.188235 0.172549 0.188235 0.172549 0.188235 0.172549 0.188235 0.172549 0.188235 0.172549 0.188235
0.172549 0.188235 0.172549 0.188235 0.172549 0.188235 0.172549 0.223529 0.172549 0.196078 0.188235 0.207843 0.172549 0.196078 0.203922 0.219608 0.172549 0.207843 0.219608 0.172549 0.188235 0.172549 0.188235 0.172549 0.188235 0.172549 0.188235 0.172549
0.188235 0.172549 0.188235 0.172549 0.188235 0.172549 0.188235 0.172549 0.188235 0.172549 0.188235 0.172549 0.188235 0.172549 0.188235 0.172549 0.188235 0.172549 0.188235 0.172549 0.188235 0.172549 0.188235 0.172549 0.188235 0.172549 0.188235 0.172549
0.188235 0.172549 0.188235 0.172549 0.188235 0.172549 0.188235 0.172549 0.188235 0.172549 0.188235 0.172549 0.192157 0.196078 0.211765 0.172549 0.196078 0.207843 0.203922 0.172549 0.192157 0.219608 0.196078 0.172549 0.188235 0.172549 0.188235 0.172549
0.188235 0.172549 0.188235 0.172549 0.188235 0.172549 0.188235 0.172549 0.188235 0.172549 0.188235 0.172549 0.188235 0.172549 0.188235 0.172549 0.188235 0.172549 0.188235 0.172549 0.188235 0.172549 0.188235 0.172549 0.188235 0.172549 0.188235 0.172549
0.188235 0.172549 0.188235 0.172549 0.188235 0.172549 0.188235 0.172549 0.188235 0.172549 0.188235 0.172549 0.188235 0.172549 0.188235 0.172549 0.215686 0.207843 0.172549 0.196078 0.207843 0.192157 0.172549 0.196078 0.203922 0.188235 0.172549 0.207843
0.215686 0.172549 0.188235 0.172549 0.188235 0.172549 0.188235 0.172549 0.188235 0.172549 0.188235 0.172549 0.188235 0.172549 0.188235 0.172549 0.188235 0.172549 0.188235 0.172549 0.188235 0.172549 0.188235 0.172549 0.188235 0.172549 0.188235 0.172549
0.188235 0.172549 0.188235 0.172549 0.188235 0.172549 0.188235 0.172549 0.188235 0.172549 0.188235 0.172549 0.188235 0.172549 0.188235 0.172549 0.188235 0.172549 0.188235 0.172549 0.192157 0.223529 0.172549 0.196078 0.196078 0.192157 0.172549 0.196078
0.207843 0.203922 0.172549 0.192157 0.211765 0.211765 0.172549 0.188235 0.172549 0.188235 0.172549 0.188235 0.172549 0.188235 0.172549 0.188235 0.172549 0.188235 0.172549 0.188235 0.172549 0.188235 0.172549 0.188235 0.172549 0.188235 0.172549 0.188235
0.172549 0.188235 0.172549 0.188235 0.172549 0.188235 0.172549 0.188235 0.172549 0.188235 0.172549 0.188235 0.172549 0.188235 0.172549 0.188235 0.172549 0.188235 0.172549 0.188235 0.172549 0.188235 0.172549 0.188235 0.172549 0.200000 0.172549 0.196078
0.188235 0.200000 0.172549 0.196078 0.207843 0.203922 0.172549 0.196078 0.192157 0.223529 0.172549 0.200000 0.207843 0.172549 0.188235 0.172549 0.188235 0.172549 0.188235 0.172549 0.188235 0.172549 0.188235 0.172549 0.188235 0.172549 0.188235 0.172549
0.188235 0.172549 0.188235 0.172549 0.188235 0.172549 0.188235 0.172549 0.188235 0.172549 0.188235 0.172549 0.188235 0.172549 0.188235 0.172549 0.188235 0.172549 0.188235 0.172549 0.188235 0.172549 0.188235 0.172549 0.188235 0.172549 0.188235 0.172549
0.188235 0.172549 0.188235 0.172549 0.200000 0.219608 0.172549 0.196078 0.207843 0.203922 0.172549 0.196078 0.207843 0.203922 0.172549 0.215686 0.215686 0.172549 0.188235 0.172549 0.188235 0.172549 0.188235 0.172549 0.188235 0.172549 0.188235 0.172549
0.188235 0.172549 0.188235 0.172549 0.188235 0.172549 0.188235 0.172549 0.188235 0.172549 0.188235 0.172549 0.188235 0.172549 0.188235 0.172549 0.188235 0.172549 0.188235 0.172549 0.188235 0.172549 0.188235 0.172549 0.188235 0.172549 0.188235 0.172549
0.188235 0.172549 0.188235 0.172549 0.188235 0.172549 0.188235 0.172549 0.200000 0.192157 0.172549 0.196078 0.196078 0.203922 0.172549 0.196078 0.207843 0.203922 0.172549 0.192157 0.192157 0.207843 0.172549 0.192157 0.172549 0.188235 0.172549 0.188235
0.172549 0.188235 0.172549 0.188235 0.172549 0.188235 0.172549 0.188235 0.172549 0.188235 0.172549 0.188235 0.172549 0.188235 0.172549 0.188235 0.172549 0.188235 0.172549 0.188235 0.172549 0.188235 0.172549 0.188235 0.172549 0.188235 0.172549 0.188235
0.172549 0.188235 0.172549 0.188235 0.172549 0.188235 0.172549 0.188235 0.172549 0.188235 0.172549 0.188235 0.172549 0.188235 0.172549 0.192157 0.200000 0.200000 0.172549 0.196078 0.207843 0.203922 0.172549 0.196078 0.207843 0.203922 0.172549 0.207843
0.196078 0.172549 0.188235 0.172549 0.188235 0.172549 0.188235 0.172549 0.188235 0.172549 0.188235 0.172549 0.188235 0.172549 0.188235 0.172549 0.188235 0.172549 0.188235 0.172549 0.188235 0.172549 0.188235 0.172549 0.188235 0.172549 0.188235 0.172549
0.188235 0.172549 0.188235 0.172549 0.188235 0.172549 0.188235 0.172549 0.188235 0.172549 0.188235 0.172549 0.188235 0.172549 0.188235 0.172549 0.188235 0.172549 0.188235 0.172549 0.211765 0.192157 0.172549 0.196078 0.203922 0.196078 0.172549 0.196078
0.207843 0.203922 0.172549 0.196078 0.207843 0.203922 0.172549 0.207843 0.196078 0.172549 0.188235 0.172549 0.188235 0.172549 0.188235 0.172549 0.188235 0.172549 0.188235 0.172549 0.188235 0.172549 0.188235 0.172549 0.188235 0.172549 0.188235 0.172549
0.188235 0.172549 0.188235 0.172549 0.188235 0.172549 0.188235 0.172549 0.188235 0.172549 0.188235 0.172549 0.188235 0.172549 0.188235 0.172549 0.188235 0.172549 0.188235 0.172549 0.188235 0.172549 0.188235 0.172549 0.188235 0.172549 0.188235 0.172549
0.192157 0.196078 0.192157 0.172549 0.196078 0.207843 0.203922 0.172549 0.196078 0.207843 0.203922 0.172549 0.196078 0.192157 0.223529 0.172549 0.203922 0.188235 0.172549 0.188235 0.172549 0.188235 0.172549 0.188235 0.172549 0.188235 0.172549 0.188235
0.172549 0.188235 0.172549 0.188235 0.172549 0.188235 0.172549 0.188235 0.172549 0.188235 0.172549 0.188235 0.172549 0.188235 0.172549 0.188235 0.172549 0.188235 0.172549 0.188235 0.172549 0.188235 0.172549 0.188235 0.172549 0.188235 0.172549 0.188235
0.172549 0.188235 0.172549 0.188235 0.172549 0.188235 0.172549 0.188235 0.172549 0.192157 0.196078 0.192157 0.172549 0.196078 0.207843 0.203922 0.172549 0.196078 0.188235 0.215686 0.172549 0.192157 0.219608 0.172549 0.188235 0.172549 0.188235 0.172549
0.188235 0.172549 0.188235 0.172549 0.188235 0.172549 0.188235 0.172549 0.188235 0.172549 0.188235 0.172549 0.188235 0.172549 0.188235 0.172549 0.188235 0.172549 0.188235 0.172549 0.188235 0.172549 0.188235 0.172549 0.188235 0.172549 0.188235 0.172549
0.188235 0.172549 0.188235 0.172549 0.188235 0.172549 0.188235 0.172549 0.188235 0.172549 0.188235 0.172549 0.188235 0.172549 0.188235 0.172549 0.188235 0.172549 0.188235 0.172549 0.188235 0.172549 0.188235 0.172549 0.188235 0.172549 0.188235 0.172549
0.188235 0.172549 0.188235 0.172549 0.188235 0.172549 0.188235 0.172549 0.188235 0.172549 0.188235 0.172549 0.188235 0.172549 0.188235 0.172549 0.188235 0.172549 0.188235 0.172549 0.188235 0.172549 0.188235 0.039216 0.196078 0.172549 0.188235 0.172549
0.188235 0.172549 0.188235 0.172549 0.188235 0.172549 0.188235 0.172549 0.188235 0.172549 0.188235 0.172549 0.188235 0.172549 0.188235 0.172549 0.188235 0.172549 0.188235 0.172549 0.188235 0.172549 0.188235 0.172549 0.188235 0.172549 0.188235 0.172549
0.188235 0.172549 0.188235 0.172549 0.188235 0.172549 0.188235 0.172549 0.188235 0.172549 0.188235 0.172549 0.188235 0.172549 0.188235 0.172549 0.188235 0.172549 0.188235 0.172549 0.188235 0.172549 0.188235 0.172549 0.188235 0.172549 0.188235 0.172549
0.188235 0.172549 0.188235 0.172549 0.188235 0.172549 0.188235 0.172549 0.188235 0.172549 0.188235 0.172549 0.188235 0.172549 0.188235 0.172549 0.188235 0.172549 0.188235 0.172549 0.188235 0.172549 0.188235 0.172549 0.188235 0.172549 0.188235 0.172549
0.188235 0.172549 0.188235 0.172549 0.188235 0.172549 0.188235 0.172549 0.188235 0.172549 0.188235 0.172549 0.188235 0.172549 0.188235 0.172549 0.188235 0.172549 0.188235 0.172549 0.188235 0.172549 0.188235 0.172549 0.188235 0.172549 0.188235 0.172549
0.188235 0.172549 0.188235 0.172549 0.188235 0.172549 0.188235 0.172549 0.188235 0.172549 0.188235 0.172549 0.188235 0.172549 0.188235 0.172549 0.188235 0.172549 0.188235 0.172549 0.188235 0.172549 0.188235 0.172549 0.188235 0.172549 0.188235 0.172549
0.188235 0.172549 0.188235 0.172549 0.188235 0.172549 0.188235 0.172549 0.188235 0.172549 0.188235 0.172549 0.188235 0.172549 0.188235 0.172549 0.188235 0.172549 0.188235 0.172549 0.188235 0.172549 0.188235 0.172549 0.188235 0.172549 0.188235 0.172549
0.188235 0.172549 0.188235 0.172549 0.188235 0.172549 0.188235 0.172549 0.188235 0.172549 0.188235 0.172549 0.188235 0.172549 0.188235 0.172549 0.188235 0.172549 0.192157 0.192157 0.211765 0.172549 0.192157 0.196078 0.207843 0.172549 0.192157 0.215686
0.192157 0.172549 0.196078 0.207843 0.207843 0.172549 0.196078 0.207843 0.207843 0.172549 0.192157 0.207843 0.188235 0.172549 0.223529 0.200000 0.172549 0.188235 0.172549 0.188235 0.172549 0.188235 0.172549 0.188235 0.172549 0.188235 0.172549 0.188235
0.172549 0.188235 0.172549 0.188235 0.172549 0.188235 0.172549 0.188235 0.172549 0.188235 0.172549 0.188235 0.172549 0.188235 0.172549 0.188235 0.172549 0.188235 0.172549 0.188235 0.172549 0.188235 0.172549 0.188235 0.172549 0.188235 0.172549 0.188235
0.172549 0.192157 0.211765 0.223529 0.172549 0.196078 0.207843 0.200000 0.172549 0.196078 0.207843 0.200000 0.172549 0.196078 0.207843 0.200000 0.172549 0.196078 0.207843 0.200000 0.172549 0.196078 0.207843 0.200000 0.172549 0.196078 0.207843 0.200000
0.172549 0.196078 0.192157 0.219608 0.172549 0.200000 0.188235 0.172549 0.188235 0.172549 0.188235 0.172549 0.188235 0.172549 0.188235 0.172549 0.188235 0.172549 0.188235 0.172549 0.188235 0.172549 0.188235 0.172549 0.188235 0.172549 0.188235 0.172549
0.188235 0.172549 0.188235 0.172549 0.188235 0.172549 0.188235 0.172549 0.188235 0.172549 0.188235 0.172549 0.188235 0.172549 0.188235 0.172549 0.192157 0.211765 0.223529 0.172549 0.196078 0.207843 0.200000 0.172549 0.196078 0.207843 0.200000 0.172549
0.196078 0.207843 0.200000 0.172549 0.196078 0.192157 0.200000 0.172549 0.192157 0.203922 0.196078 0.172549 0.192157 0.215686 0.211765 0.172549 0.196078 0.207843 0.200000 0.172549 0.196078 0.207843 0.200000 0.172549 0.192157 0.196078 0.196078 0.172549
0.188235 0.172549 0.188235 0.172549 0.188235 0.172549 0.188235 0.172549 0.188235 0.172549 0.188235 0.172549 0.188235 0.172549 0.188235 0.172549 0.188235 0.172549 0.188235 0.172549 0.188235 0.172549 0.188235 0.172549 0.188235 0.172549 0.188235 0.172549
0.188235 0.172549 0.188235 0.172549 0.188235 0.172549 0.207843 0.196078 0.172549 0.196078 0.207843 0.188235 0.172549 0.196078 0.207843 0.200000 0.172549 0.196078 0.192157 0.188235 0.172549 0.200000 0.196078 0.172549 0.192157 0.196078 0.172549 0.188235
0.172549 0.211765 0.172549 0.196078 0.188235 0.211765 0.172549 0.196078 0.207843 0.200000 0.172549 0.192157 0.203922 0.188235 0.172549 0.188235 0.172549 0.188235 0.172549 0.188235 0.172549 0.188235 0.172549 0.188235 0.172549 0.188235 0.172549 0.188235
0.172549 0.188235 0.172549 0.188235 0.172549 0.188235 0.172549 0.188235 0.172549 0.188235 0.172549 0.188235 0.172549 0.188235 0.172549 0.188235 0.172549 0.188235 0.172549 0.188235 0.172549 0.215686 0.215686 0.172549 0.196078 0.207843 0.192157 0.172549
0.196078 0.192157 0.188235 0.172549 0.196078 0.207843 0.172549 0.188235 0.172549 0.188235 0.172549 0.188235 0.172549 0.192157 0.196078 0.196078 0.172549 0.196078 0.203922 0.219608 0.172549 0.196078 0.207843 0.200000 0.172549 0.211765 0.207843 0.172549
0.188235 0.172549 0.188235 0.172549 0.188235 0.172549 0.188235 0.172549 0.188235 0.172549 0.188235 0.172549 0.188235 0.172549 0.188235 0.172549 0.188235 0.172549 0.188235 0.172549 0.188235 0.172549 0.188235 0.172549 0.188235 0.172549 0.188235 0.172549
0.188235 0.172549 0.188235 0.172549 0.188235 0.172549 0.188235 0.172549 0.200000 0.192157 0.172549 0.192157 0.219608 0.172549 0.188235 0.172549 0.188235 0.172549 0.188235 0.172549 0.188235 0.172549 0.196078 0.188235 0.223529 0.172549 0.196078 0.207843
0.200000 0.172549 0.196078 0.207843 0.200000 0.172549 0.211765 0.207843 0.172549 0.188235 0.172549 0.188235 0.172549 0.188235 0.172549 0.188235 0.172549 0.188235 0.172549 0.188235 0.172549 0.188235 0.172549 0.188235 0.172549 0.188235 0.172549 0.188235
0.172549 0.188235 0.172549 0.188235 0.172549 0.188235 0.172549 0.188235 0.172549 0.188235 0.172549 0.188235 0.172549 0.188235 0.172549 0.188235 0.172549 0.188235 0.172549 0.188235 0.172549 0.188235 0.172549 0.188235 0.172549 0.188235 0.172549 0.192157
0.192157 0.215686 0.172549 0.196078 0.203922 0.215686 0.172549 0.196078 0.207843 0.200000 0.172549 0.192157 0.223529 0.219608 0.172549 0.192157 0.188235 0.172549 0.188235 0.172549 0.188235 0.172549 0.188235 0.172549 0.188235 0.172549 0.188235 0.172549
0.188235 0.172549 0.188235 0.172549 0.188235 0.172549 0.188235 0.172549 0.188235 0.172549 0.188235 0.172549 0.188235 0.172549 0.188235 0.172549 0.188235 0.172549 0.188235 0.172549 0.188235 0.172549 0.188235 0.172549 0.188235 0.172549 0.188235 0.172549
0.188235 0.172549 0.188235 0.172549 0.188235 0.172549 0.215686 0.211765 0.172549 0.196078 0.203922 0.215686 0.172549 0.196078 0.207843 0.200000 0.172549 0.196078 0.200000 0.192157 0.172549 0.211765 0.200000 0.172549 0.188235 0.172549 0.188235 0.172549
0.188235 0.172549 0.188235 0.172549 0.188235 0.172549 0.188235 0.172549 0.188235 0.172549 0.188235 0.172549 0.188235 0.172549 0.188235 0.172549 0.188235 0.172549 0.188235 0.172549 0.188235 0.172549 0.188235 0.172549 0.188235 0.172549 0.188235 0.172549
0.188235 0.172549 0.188235 0.172549 0.188235 0.172549 0.188235 0.172549 0.188235 0.172549 0.188235 0.172549 0.188235 0.172549 0.192157 0.196078 0.219608 0.172549 0.196078 0.207843 0.200000 0.172549 0.196078 0.207843 0.200000 0.172549 0.192157 0.203922
0.203922 0.172549 0.188235 0.172549 0.188235 0.172549 0.188235 0.172549 0.188235 0.172549 0.188235 0.172549 0.188235 0.172549 0.188235 0.172549 0.188235 0.172549 0.188235 0.172549 0.188235 0.172549 0.188235 0.172549 0.188235 0.172549 0.188235 0.172549
0.188235 0.172549 0.188235 0.172549 0.188235 0.172549 0.188235 0.172549 0.188235 0.172549 0.188235 0.172549 0.188235 0.172549 0.188235 0.172549 0.188235 0.172549 0.188235 0.172549 0.192157 0.215686 0.211765 0.172549 0.196078 0.203922 0.211765 0.172549
0.196078 0.207843 0.200000 0.172549 0.192157 0.207843 0.223529 0.172549 0.192157 0.196078 0.172549 0.188235 0.172549 0.188235 0.172549 0.188235 0.172549 0.188235 0.172549 0.188235 0.172549 0.188235 0.172549 0.188235 0.172549 0.188235 0.172549 0.188235
0.172549 0.188235 0.172549 0.188235 0.172549 0.188235 0.172549 0.188235 0.172549 0.188235 0.172549 0.188235 0.172549 0.188235 0.172549 0.188235 0.172549 0.188235 0.172549 0.188235 0.172549 0.188235 0.172549 0.188235 0.172549 0.188235 0.172549 0.196078
0.207843 0.172549 0.196078 0.200000 0.203922 0.172549 0.196078 0.207843 0.200000 0.172549 0.196078 0.200000 0.200000 0.172549 0.200000 0.207843 0.172549 0.188235 0.172549 0.188235 0.172549 0.188235 0.172549 0.188235 0.172549 0.188235 0.172549 0.188235
0.172549 0.188235 0.172549 0.188235 0.172549 0.188235 0.172549 0.188235 0.172549 0.188235 0.172549 0.188235 0.172549 0.188235 0.172549 0.188235 0.172549 0.188235 0.172549 0.188235 0.172549 0.188235 0.172549 0.188235 0.172549 0.188235 0.172549 0.188235
0.172549 0.188235 0.172549 0.188235 0.172549 0.188235 0.172549 0.192157 0.223529 0.219608 0.172549 0.196078 0.207843 0.200000 0.172549 0.196078 0.207843 0.200000 0.172549 0.192157 0.203922 0.192157 0.172549 0.188235 0.172549 0.188235 0.172549 0.188235
0.172549 0.188235 0.172549 0.188235 0.172549 0.188235 0.172549 0.188235 0.172549 0.188235 0.172549 0.188235 0.172549 0.188235 0.172549 0.188235 0.172549 0.188235 0.172549 0.188235 0.172549 0.188235 0.172549 0.188235 0.172549 0.188235 0.172549 0.188235
0.172549 0.188235 0.172549 0.188235 0.172549 0.188235 0.172549 0.188235 0.172549 0.188235 0.172549 0.188235 0.172549 0.215686 0.219608 0.172549 0.196078 0.203922 0.219608 0.172549 0.196078 0.207843 0.200000 0.172549 0.192157 0.219608 0.223529 0.172549
0.192157 0.196078 0.172549 0.188235 0.172549 0.188235 0.172549 0.188235 0.172549 0.188235 0.172549 0.188235 0.172549 0.188235 0.172549 0.188235 0.172549 0.188235 0.172549 0.188235 0.172549 0.188235 0.172549 0.188235 0.172549 0.188235 0.172549 0.188235
0.172549 0.188235 0.172549 0.188235 0.172549 0.188235 0.172549 0.188235 0.172549 0.188235 0.172549 0.188235 0.172549 0.188235 0.172549 0.188235 0.172549 0.188235 0.172549 0.192157 0.223529 0.172549 0.196078 0.188235 0.188235 0.172549 0.196078 0.207843
0.200000 0.172549 0.196078 0.207843 0.200000 0.172549 0.192157 0.203922 0.192157 0.172549 0.188235 0.172549 0.188235 0.172549 0.188235 0.172549 0.188235 0.172549 0.188235 0.172549 0.188235 0.172549 0.188235 0.172549 0.188235 0.172549 0.188235 0.172549
0.188235 0.172549 0.188235 0.172549 0.188235 0.172549 0.188235 0.172549 0.188235 0.172549 0.188235 0.172549 0.188235 0.172549 0.188235 0.172549 0.188235 0.172549 0.188235 0.172549 0.188235 0.172549 0.188235 0.172549 0.188235 0.172549 0.188235 0.172549
0.192157 0.200000 0.203922 0.172549 0.196078 0.207843 0.200000 0.172549 0.196078 0.207843 0.200000 0.172549 0.192157 0.215686 0.200000 0.172549 0.192157 0.196078 0.172549 0.188235 0.172549 0.188235 0.172549 0.188235 0.172549 0.188235 0.172549 0.188235
0.172549 0.188235 0.172549 0.188235 0.172549 0.188235 0.172549 0.188235 0.172549 0.188235 0.172549 0.188235 0.172549 0.188235 0.172549 0.188235 0.172549 0.188235 0.172549 0.188235 0.172549 0.188235 0.172549 0.188235 0.172549 0.188235 0.172549 0.188235
0.172549 0.188235 0.172549 0.188235 0.172549 0.188235 0.172549 0.188235 0.172549 0.196078 0.203922 0.219608 0.172549 0.196078 0.207843 0.200000 0.172549 0.196078 0.207843 0.200000 0.172549 0.196078 0.207843 0.172549 0.188235 0.172549 0.188235 0.172549
0.188235 0.172549 0.188235 0.172549 0.188235 0.172549 0.188235 0.172549 0.188235 0.172549 0.188235 0.172549 0.188235 0.172549 0.188235 0.172549 0.188235 0.172549 0.188235 0.172549 0.188235 0.172549 0.188235 0.172549 0.188235 0.172549 0.188235 0.172549
0.188235 0.172549 0.188235 0.172549 0.188235 0.172549 0.188235 0.172549 0.188235 0.172549 0.188235 0.172549 0.188235 0.172549 0.188235 0.172549 0.196078 0.203922 0.219608 0.172549 0.196078 0.207843 0.200000 0.172549 0.196078 0.207843 0.200000 0.172549
0.203922 0.200000 0.172549 0.196078 0.188235 0.172549 0.196078 0.188235 0.172549 0.196078 0.188235 0.172549 0.196078 0.188235 0.172549 0.207843 0.172549 0.188235 0.172549 0.207843 0.172549 0.196078 0.188235 0.172549 0.196078 0.188235 0.172549 0.200000
0.215686 0.172549 0.192157 0.207843 0.188235 0.172549 0.192157 0.207843 0.188235 0.172549 0.192157 0.207843 0.188235 0.172549 0.192157 0.203922 0.215686 0.172549 0.192157 0.188235 0.172549 0.188235 0.172549 0.188235 0.172549 0.188235 0.172549 0.188235
0.172549 0.188235 0.172549 0.188235 0.172549 0.188235 0.172549 0.188235 0.172549 0.188235 0.172549 0.196078 0.203922 0.219608 0.172549 0.196078 0.207843 0.200000 0.172549 0.196078 0.207843 0.200000 0.172549 0.196078 0.207843 0.200000 0.172549 0.196078
0.207843 0.200000 0.172549 0.196078 0.207843 0.200000 0.172549 0.196078 0.207843 0.200000 0.172549 0.196078 0.207843 0.200000 0.172549 0.192157 0.211765 0.219608 0.172549 0.192157 0.203922 0.200000 0.172549 0.192157 0.211765 0.211765 0.172549 0.196078
0.207843 0.200000 0.172549 0.196078 0.207843 0.200000 0.172549 0.196078 0.207843 0.200000 0.172549 0.196078 0.207843 0.200000 0.172549 0.196078 0.207843 0.200000 0.172549 0.196078 0.207843 0.200000 0.172549 0.196078 0.207843 0.200000 0.172549 0.192157
0.196078 0.200000 0.172549 0.188235 0.172549 0.188235 0.172549 0.188235 0.172549 0.188235 0.172549 0.188235 0.172549 0.188235 0.172549 0.188235 0.172549 0.188235 0.172549 0.188235 0.172549 0.192157 0.215686 0.203922 0.172549 0.196078 0.207843 0.200000
0.172549 0.196078 0.207843 0.200000 0.172549 0.196078 0.207843 0.200000 0.172549 0.196078 0.207843 0.200000 0.172549 0.196078 0.207843 0.200000 0.172549 0.196078 0.207843 0.200000 0.172549 0.196078 0.207843 0.200000 0.172549 0.196078 0.207843 0.200000
0.172549 0.196078 0.207843 0.200000 0.172549 0.196078 0.207843 0.200000 0.172549 0.196078 0.207843 0.200000 0.172549 0.196078 0.203922 0.223529 0.172549 0.196078 0.203922 0.215686 0.172549 0.196078 0.203922 0.215686 0.172549 0.192157 0.211765 0.223529
0.172549 0.192157 0.192157 0.215686 0.172549 0.192157 0.192157 0.215686 0.172549 0.207843 0.215686 0.172549 0.188235 0.172549 0.188235 0.172549 0.188235 0.172549 0.188235 0.172549 0.188235 0.172549 0.188235 0.172549 0.188235 0.172549 0.188235 0.172549
0.188235 0.172549 0.188235 0.172549 0.192157 0.192157 0.219608 0.172549 0.192157 0.196078 0.200000 0.172549 0.192157 0.196078 0.200000 0.172549 0.192157 0.196078 0.200000 0.172549 0.192157 0.211765 0.211765 0.172549 0.196078 0.207843 0.200000 0.172549
0.196078 0.207843 0.200000 0.172549 0.196078 0.207843 0.200000 0.172549 0.192157 0.207843 0.207843 0.172549 0.192157 0.196078 0.200000 0.172549 0.192157 0.196078 0.200000 0.172549 0.203922 0.192157 0.172549 0.188235 0.172549 0.188235 0.172549 0.188235
0.172549 0.188235 0.172549 0.188235 0.172549 0.188235 0.172549 0.188235 0.172549 0.188235 0.172549 0.188235 0.172549 0.188235 0.172549 0.188235 0.172549 0.188235 0.172549 0.188235 0.172549 0.188235 0.172549 0.188235 0.172549 0.188235 0.172549 0.188235
0.172549 0.188235 0.172549 0.188235 0.172549 0.188235 0.172549 0.188235 0.172549 0.188235 0.172549 0.188235 0.172549 0.188235 0.172549 0.188235 0.172549 0.188235 0.172549 0.188235 0.172549 0.188235 0.172549 0.188235 0.172549 0.188235 0.172549 0.188235
0.172549 0.188235 0.172549 0.188235 0.172549 0.188235 0.172549 0.188235 0.172549 0.188235 0.172549 0.188235 0.172549 0.188235 0.172549 0.188235 0.172549 0.188235 0.172549 0.188235 0.172549 0.188235 0.172549 0.188235 0.172549 0.188235 0.172549 0.188235
0.172549 0.188235 0.172549 0.188235 0.172549 0.188235 0.172549 0.188235 0.172549 0.188235 0.172549 0.188235 0.172549 0.188235 0.172549 0.188235 0.172549 0.188235 0.172549 0.188235 0.172549 0.188235 0.172549 0.188235 0.172549 0.188235 0.172549 0.188235
0.172549 0.188235 0.172549 0.188235 0.172549 0.188235 0.172549 0.188235 0.172549 0.188235 0.172549 0.188235 0.172549 0.188235 0.172549 0.188235 0.172549 0.188235 0.172549 0.188235 0.172549 0.188235 0.172549 0.188235 0.172549 0.188235 0.172549 0.188235
0.172549 0.188235 0.172549 0.188235 0.172549 0.188235 0.172549 0.188235 0.172549 0.188235 0.172549 0.188235 0.172549 0.188235 0.172549 0.188235 0.172549 0.188235 0.172549 0.188235 0.172549 0.188235 0.172549 0.188235 0.172549 0.188235 0.172549 0.188235
0.172549 0.188235 0.172549 0.188235 0.172549 0.188235 0.172549 0.188235 0.172549 0.188235 0.172549 0.188235 0.172549 0.188235 0.172549 0.188235 0.172549 0.188235 0.172549 0.188235 0.172549 0.188235 0.172549 0.188235 0.172549 0.188235 0.172549 0.188235
0.172549 0.188235 0.172549 0.188235 0.172549 0.188235 0.172549 0.188235 0.172549 0.188235 0.172549 0.188235 0.172549 0.188235 0.172549 0.188235 0.172549 0.188235 0.172549 0.188235 0.172549 0.188235 0.172549 0.188235 0.172549 0.188235 0.172549 0.188235
0.172549 0.188235 0.172549 0.188235 0.172549 0.188235 0.172549 0.188235 0.172549 0.188235 0.172549 0.188235 0.172549 0.188235 0.172549 0.188235 0.172549 0.188235 0.172549 0.188235 0.172549 0.188235 0.172549 0.188235 0.172549 0.188235 0.172549 0.188235
0.172549 0.188235 0.172549 0.188235 0.172549 0.188235 0.172549 0.188235 0.172549 0.188235 0.172549 0.188235 0.172549 0.188235 0.172549 0.188235 0.172549 0.188235 0.172549 0.188235 0.172549 0.188235 0.172549 0.188235 0.172549 0.188235 0.172549 0.188235
0.172549 0.188235 0.172549 0.188235 0.172549 0.188235 0.172549 0.188235 0.039216 0.192157 0.172549 0.188235 0.172549 0.188235 0.172549 0.188235 0.172549 0.188235 0.172549 0.188235 0.172549 0.188235 0.172549 0.188235 0.172549 0.188235 0.172549 0.188235
0.172549 0.188235 0.172549 0.188235 0.172549 0.188235 0.172549 0.188235 0.172549 0.188235 0.172549 0.188235 0.172549 0.188235 0.172549 0.188235 0.172549 0.188235 0.172549 0.188235 0.172549 0.188235 0.172549 0.188235 0.172549 0.188235 0.172549 0.188235
0.172549 0.188235 0.172549 0.188235 0.172549 0.188235 0.172549 0.188235 0.172549 0.188235 0.172549 0.188235 0.172549 0.188235 0.172549 0.188235 0.172549 0.188235 0.172549 0.188235 0.172549 0.188235 0.172549 0.188235 0.172549 0.188235 0.172549 0.188235
0.172549 0.188235 0.172549 0.188235 0.172549 0.188235 0.172549 0.188235 0.172549 0.188235 0.172549 0.188235 0.172549 0.188235 0.172549 0.188235 0.172549 0.188235 0.172549 0.188235 0.172549 0.188235 0.172549 0.188235 0.172549 0.188235 0.172549 0.188235
0.172549 0.188235 0.172549 0.188235 0.172549 0.188235 0.172549 0.188235 0.172549 0.188235 0.172549 0.188235 0.172549 0.188235 0.172549 0.188235 0.172549 0.188235 0.172549 0.188235 0.172549 0.188235 0.172549 0.188235 0.172549 0.188235 0.172549 0.188235
0.172549 0.188235 0.172549 0.188235 0.172549 0.188235 0.172549 0.188235 0.172549 0.188235 0.172549 0.188235 0.172549 0.188235 0.172549 0.188235 0.172549 0.188235 0.172549 0.188235 0.172549 0.188235 0.172549 0.188235 0.172549 0.188235 0.172549 0.188235
0.172549 0.188235 0.172549 0.188235 0.172549 0.188235 0.172549 0.188235 0.172549 0.188235 0.172549 0.188235 0.172549 0.188235 0.172549 0.188235 0.172549 0.188235 0.172549 0.188235 0.172549 0.188235 0.172549 0.188235 0.172549 0.188235 0.172549 0.188235
0.172549 0.188235 0.172549 0.188235 0.172549 0.188235 0.172549 0.188235 0.172549 0.188235 0.172549 0.188235 0.172549 0.188235 0.172549 0.188235 0.172549 0.188235 0.172549 0.188235 0.172549 0.188235 0.172549 0.188235 0.172549 0.188235 0.172549 0.188235
0.172549 0.188235 0.172549 0.188235 0.172549 0.188235 0.172549 0.188235 0.172549 0.188235 0.172549 0.188235 0.172549 0.188235 0.172549 0.188235 0.172549 0.188235 0.172549 0.188235 0.172549 0.188235 0.172549 0.188235 0.172549 0.188235 0.172549 0.188235
0.172549 0.188235 0.172549 0.188235 0.172549 0.188235 0.172549 0.188235 0.172549 0.188235 0.172549 0.188235 0.172549 0.188235 0.172549 0.200000 0.219608 0.172549 0.196078 0.207843 0.203922 0.172549 0.192157 0.188235 0.223529 0.172549 0.188235 0.172549
0.188235 0.172549 0.188235 0.172549 0.188235 0.172549 0.188235 0.172549 0.188235 0.172549 0.188235 0.172549 0.188235 0.172549 0.188235 0.172549 0.188235 0.172549 0.188235 0.172549 0.188235 0.172549 0.188235 0.172549 0.188235 0.172549 0.188235 0.172549
